Git Version: 47700734

    T,T,0,1,14336,4096,16384,1,16384,234881024,0,4096,67108864,14336,58720256,14336,58720256,bf16_r,bf16_r,bf16_r,bf16_r,f32_r,0,0,0,0,0,none,0,f32_r,bf16_r,505405,176.478,3807.13,107803,gfx942:sramecc+:xnack-,304

    T,T,0,1,4096,16384,14336,1,14336,58720256,0,16384,234881024,4096,67108864,4096,67108864,bf16_r,bf16_r,bf16_r,bf16_r,f32_r,0,0,0,0,0,none,0,f32_r,bf16_r,474101,165.547,4058.51,107769,gfx942:sramecc+:xnack-,304

    N,T,0,64,256,4096,1024,1,256,262144,0,4096,4194304,256,1048576,256,1048576,bf16_r,bf16_r,bf16_r,bf16_r,f32_r,0,0,0,0,0,none,0,f32_r,bf16_r,533868,2549.14,257.44,85786,gfx942:sramecc+:xnack-,304

    N,N,0,64,256,1024,4096,1,256,1048576,0,4096,4194304,256,262144,256,262144,bf16_r,bf16_r,bf16_r,bf16_r,f32_r,0,0,0,0,0,none,0,f32_r,bf16_r,540652,2581.53,254.21,94982,gfx942:sramecc+:xnack-,304

    N,N,0,64,4096,1024,256,1,4096,1048576,0,256,262144,4096,4194304,4096,4194304,bf16_r,bf16_r,bf16_r,bf16_r,f32_r,0,0,0,0,0,none,0,f32_r,bf16_r,449723,2147.36,305.608,100371,gfx942:sramecc+:xnack-,304

    T,T,0,1,4096,16384,14336,1,14336,58720256,1,16384,234881024,4096,67108864,4096,67108864,bf16_r,bf16_r,bf16_r,bf16_r,f32_r,0,0,0,0,0,none,0,f32_r,bf16_r,473171,226.7,4066.49,107803,gfx942:sramecc+:xnack-,304

    N,T,0,1,4096,4096,8192,1,4096,33554432,0,4096,33554432,4096,16777216,4096,16777216,bf16_r,bf16_r,bf16_r,bf16_r,f32_r,0,0,0,0,0,none,0,f32_r,bf16_r,715436,406.679,384.21,78636,gfx942:sramecc+:xnack-,304

    N,N,0,1,4096,8192,4096,1,4096,16777216,0,4096,33554432,4096,33554432,4096,33554432,bf16_r,bf16_r,bf16_r,bf16_r,f32_r,0,0,0,0,0,none,0,f32_r,bf16_r,763272,433.87,360.131,94994,gfx942:sramecc+:xnack-,304

    T,N,0,1,4096,8192,4096,1,4096,16777216,0,4096,33554432,4096,33554432,4096,33554432,bf16_r,bf16_r,bf16_r,bf16_r,f32_r,0,0,0,0,0,none,0,f32_r,bf16_r,693519,394.22,396.352,116190,gfx942:sramecc+:xnack-,304

    T,N,0,1,4096,8192,6144,1,6144,25165824,0,6144,50331648,4096,33554432,4096,33554432,bf16_r,bf16_r,bf16_r,bf16_r,f32_r,0,0,0,0,0,none,0,f32_r,bf16_r,700713,345.201,588.425,116190,gfx942:sramecc+:xnack-,304

    T,N,0,1,4096,8192,8,1,8,32768,1,8,65536,4096,33554432,4096,33554432,bf16_r,bf16_r,bf16_r,bf16_r,f32_r,0,0,0,0,0,none,0,f32_r,bf16_r,15292.3,5345.97,35.1074,126227,gfx942:sramecc+:xnack-,304

    N,T,0,1,16384,14336,4096,1,16384,67108864,0,14336,58720256,16384,234881024,16384,234881024,bf16_r,bf16_r,bf16_r,bf16_r,f32_r,0,0,0,0,0,none,0,f32_r,bf16_r,776970,271.303,2476.47,79084,gfx942:sramecc+:xnack-,304

    T,N,0,1,4096,14336,16384,1,16384,67108864,0,16384,234881024,4096,58720256,4096,58720256,bf16_r,bf16_r,bf16_r,bf16_r,f32_r,0,0,0,0,0,none,0,f32_r,bf16_r,808357,282.263,2380.31,121846,gfx942:sramecc+:xnack-,304

    N,T,0,1,8,4096,8192,1,8,65536,0,4096,33554432,8,32768,8,32768,bf16_r,bf16_r,bf16_r,bf16_r,f32_r,0,0,0,0,0,none,0,f32_r,bf16_r,26868.8,3137.1,19.9812,81803,gfx942:sramecc+:xnack-,304

    T,N,0,1,16384,14336,4096,1,4096,67108864,0,4096,58720256,16384,234881024,16384,234881024,bf16_r,bf16_r,bf16_r,bf16_r,f32_r,0,0,0,0,0,none,0,f32_r,bf16_r,797494,278.47,2412.74,116757,gfx942:sramecc+:xnack-,304

    N,N,0,1,8,8192,4096,1,8,32768,0,4096,33554432,8,65536,8,65536,bf16_r,bf16_r,bf16_r,bf16_r,f32_r,0,0,0,0,0,none,0,f32_r,bf16_r,32723.7,3820.7,16.4062,101005,gfx942:sramecc+:xnack-,304

    N,T,0,1,4096,16384,14336,1,4096,58720256,0,16384,234881024,4096,67108864,4096,67108864,bf16_r,bf16_r,bf16_r,bf16_r,f32_r,0,0,0,0,0,none,0,f32_r,bf16_r,793407,277.043,2425.17,125720,gfx942:sramecc+:xnack-,304

    N,N,0,1,6144,8192,4096,1,6144,25165824,0,4096,33554432,6144,50331648,6144,50331648,bf16_r,bf16_r,bf16_r,bf16_r,f32_r,0,0,0,0,0,none,0,f32_r,bf16_r,758222,373.532,543.795,94994,gfx942:sramecc+:xnack-,304

    N,T,0,1,4096,32768,8192,1,4096,33554432,0,32768,268435456,4096,134217728,4096,134217728,bf16_r,bf16_r,bf16_r,bf16_r,f32_r,0,0,0,0,0,none,0,f32_r,bf16_r,779294,287.935,2821.82,125720,gfx942:sramecc+:xnack-,304

    T,N,0,1,32768,8192,4096,1,4096,134217728,0,4096,33554432,32768,268435456,32768,268435456,bf16_r,bf16_r,bf16_r,bf16_r,f32_r,0,0,0,0,0,none,0,f32_r,bf16_r,780824,288.501,2816.29,122776,gfx942:sramecc+:xnack-,304

    N,N,0,1,4096,8192,32768,1,4096,134217728,0,32768,268435456,4096,33554432,4096,33554432,bf16_r,bf16_r,bf16_r,bf16_r,f32_r,0,0,0,0,0,none,0,f32_r,bf16_r,819428,302.764,2683.61,94991,gfx942:sramecc+:xnack-,304

    N,T,0,1,6144,512,65536,1,6144,402653184,0,512,33554432,6144,3145728,6144,3145728,bf16_r,bf16_r,bf16_r,bf16_r,f32_r,0,0,0,0,0,none,0,f32_r,bf16_r,596819,1184.56,690.858,80246,gfx942:sramecc+:xnack-,304
