Git Version: 47700734

    T,T,0,1,14336,4096,24576,1,24576,352321536,0,4096,100663296,14336,58720256,14336,58720256,bf16_r,bf16_r,bf16_r,bf16_r,f32_r,0,0,0,0,0,none,0,f32_r,bf16_r,488182,161.214,5912.18,107803,gfx942:sramecc+:xnack-,304

    N,N,0,64,384,1536,4096,1,384,1572864,0,4096,6291456,384,589824,384,589824,bf16_r,bf16_r,bf16_r,bf16_r,f32_r,0,0,0,0,0,none,0,f32_r,bf16_r,642870,2095.13,481.027,101789,gfx942:sramecc+:xnack-,304

    N,T,0,64,384,4096,1536,1,384,589824,0,4096,6291456,384,1572864,384,1572864,bf16_r,bf16_r,bf16_r,bf16_r,f32_r,0,0,0,0,0,none,0,f32_r,bf16_r,594077,1936.11,520.535,85834,gfx942:sramecc+:xnack-,304

    N,N,0,1,4096,12288,4096,1,4096,16777216,0,4096,50331648,4096,50331648,4096,50331648,bf16_r,bf16_r,bf16_r,bf16_r,f32_r,0,0,0,0,0,none,0,f32_r,bf16_r,778283,412.909,529.777,94994,gfx942:sramecc+:xnack-,304

    T,N,0,1,4096,12288,8,1,8,32768,1,8,98304,4096,50331648,4096,50331648,bf16_r,bf16_r,bf16_r,bf16_r,f32_r,0,0,0,0,0,none,0,f32_r,bf16_r,15989.2,5589,50.3657,126227,gfx942:sramecc+:xnack-,304

    T,N,0,1,4096,12288,4096,1,4096,16777216,0,4096,50331648,4096,50331648,4096,50331648,bf16_r,bf16_r,bf16_r,bf16_r,f32_r,0,0,0,0,0,none,0,f32_r,bf16_r,710768,377.09,580.1,121325,gfx942:sramecc+:xnack-,304

    T,T,0,1,4096,24576,14336,1,14336,58720256,0,24576,352321536,4096,100663296,4096,100663296,bf16_r,bf16_r,bf16_r,bf16_r,f32_r,0,0,0,0,0,none,0,f32_r,bf16_r,486959,160.81,5927.03,107803,gfx942:sramecc+:xnack-,304

    T,T,0,1,4096,24576,14336,1,14336,58720256,1,24576,352321536,4096,100663296,4096,100663296,bf16_r,bf16_r,bf16_r,bf16_r,f32_r,0,0,0,0,0,none,0,f32_r,bf16_r,478879,220.361,6027.04,107803,gfx942:sramecc+:xnack-,304

    N,N,0,64,4096,1536,384,1,4096,1572864,0,384,589824,4096,6291456,4096,6291456,bf16_r,bf16_r,bf16_r,bf16_r,f32_r,0,0,0,0,0,none,0,f32_r,bf16_r,518842,1690.92,596.015,94951,gfx942:sramecc+:xnack-,304

    T,N,0,1,4096,12288,6144,1,6144,25165824,0,6144,75497472,4096,50331648,4096,50331648,bf16_r,bf16_r,bf16_r,bf16_r,f32_r,0,0,0,0,0,none,0,f32_r,bf16_r,735825,334.614,840.52,116190,gfx942:sramecc+:xnack-,304

    N,T,0,1,4096,4096,12288,1,4096,50331648,0,4096,50331648,4096,16777216,4096,16777216,bf16_r,bf16_r,bf16_r,bf16_r,f32_r,0,0,0,0,0,none,0,f32_r,bf16_r,737056,391.037,559.411,78636,gfx942:sramecc+:xnack-,304

    N,N,0,1,6144,12288,4096,1,6144,25165824,0,4096,50331648,6144,75497472,6144,75497472,bf16_r,bf16_r,bf16_r,bf16_r,f32_r,0,0,0,0,0,none,0,f32_r,bf16_r,791188,359.791,781.705,125883,gfx942:sramecc+:xnack-,304

    N,T,0,1,24576,14336,4096,1,24576,100663296,0,14336,58720256,24576,352321536,24576,352321536,bf16_r,bf16_r,bf16_r,bf16_r,f32_r,0,0,0,0,0,none,0,f32_r,bf16_r,770071,254.303,3747.99,79084,gfx942:sramecc+:xnack-,304

    N,N,0,1,8,12288,4096,1,8,32768,0,4096,50331648,8,98304,8,98304,bf16_r,bf16_r,bf16_r,bf16_r,f32_r,0,0,0,0,0,none,0,f32_r,bf16_r,33773,3941.94,23.8447,101005,gfx942:sramecc+:xnack-,304

    N,T,0,1,8,4096,12288,1,8,98304,0,4096,50331648,8,32768,8,32768,bf16_r,bf16_r,bf16_r,bf16_r,f32_r,0,0,0,0,0,none,0,f32_r,bf16_r,30772.7,3591.74,26.1695,81792,gfx942:sramecc+:xnack-,304

    T,N,0,1,24576,14336,4096,1,4096,100663296,0,4096,58720256,24576,352321536,24576,352321536,bf16_r,bf16_r,bf16_r,bf16_r,f32_r,0,0,0,0,0,none,0,f32_r,bf16_r,799698,264.087,3609.14,116757,gfx942:sramecc+:xnack-,304

    N,N,0,1,4096,12288,32768,1,4096,134217728,0,32768,402653184,4096,50331648,4096,50331648,bf16_r,bf16_r,bf16_r,bf16_r,f32_r,0,0,0,0,0,none,0,f32_r,bf16_r,807258,267.676,4086.1,95625,gfx942:sramecc+:xnack-,304

    T,N,0,1,32768,12288,4096,1,4096,134217728,0,4096,50331648,32768,402653184,32768,402653184,bf16_r,bf16_r,bf16_r,bf16_r,f32_r,0,0,0,0,0,none,0,f32_r,bf16_r,791026,262.294,4169.94,122774,gfx942:sramecc+:xnack-,304

    T,N,0,1,4096,14336,24576,1,24576,100663296,0,24576,352321536,4096,58720256,4096,58720256,bf16_r,bf16_r,bf16_r,bf16_r,f32_r,0,0,0,0,0,none,0,f32_r,bf16_r,727771,240.334,3965.83,116067,gfx942:sramecc+:xnack-,304

    N,T,0,1,4096,24576,14336,1,4096,58720256,0,24576,352321536,4096,100663296,4096,100663296,bf16_r,bf16_r,bf16_r,bf16_r,f32_r,0,0,0,0,0,none,0,f32_r,bf16_r,744064,245.715,3878.99,79098,gfx942:sramecc+:xnack-,304

    N,T,0,1,6144,512,98304,1,6144,603979776,0,512,50331648,6144,3145728,6144,3145728,bf16_r,bf16_r,bf16_r,bf16_r,f32_r,0,0,0,0,0,none,0,f32_r,bf16_r,608210,1204.28,1016.88,80086,gfx942:sramecc+:xnack-,304

    N,T,0,1,4096,32768,12288,1,4096,50331648,0,32768,402653184,4096,134217728,4096,134217728,bf16_r,bf16_r,bf16_r,bf16_r,f32_r,0,0,0,0,0,none,0,f32_r,bf16_r,776920,257.616,4245.66,78642,gfx942:sramecc+:xnack-,304
