Git Version: 47700734

    T,T,0,1,14336,4096,8192,1,8192,117440512,0,4096,33554432,14336,58720256,14336,58720256,bf16_r,bf16_r,bf16_r,bf16_r,f32_r,0,0,0,0,0,none,0,f32_r,bf16_r,506040,205.465,1901.18,107803,gfx942:sramecc+:xnack-,304

    N,T,0,64,128,4096,512,1,128,65536,0,4096,2097152,128,524288,128,524288,bf16_r,bf16_r,bf16_r,bf16_r,f32_r,0,0,0,0,0,none,0,f32_r,bf16_r,376497,3509.82,91.2618,85834,gfx942:sramecc+:xnack-,304

    N,N,0,64,128,512,4096,1,128,524288,0,4096,2097152,128,65536,128,65536,bf16_r,bf16_r,bf16_r,bf16_r,f32_r,0,0,0,0,0,none,0,f32_r,bf16_r,346909,3233.99,99.0455,97797,gfx942:sramecc+:xnack-,304

    N,N,0,1,4096,4096,4096,1,4096,16777216,0,4096,16777216,4096,16777216,4096,16777216,bf16_r,bf16_r,bf16_r,bf16_r,f32_r,0,0,0,0,0,none,0,f32_r,bf16_r,764237,521.302,179.838,95042,gfx942:sramecc+:xnack-,304

    T,N,0,1,4096,4096,8,1,8,32768,1,8,32768,4096,16777216,4096,16777216,bf16_r,bf16_r,bf16_r,bf16_r,f32_r,0,0,0,0,0,none,0,f32_r,bf16_r,13825.4,4834.74,19.4162,126227,gfx942:sramecc+:xnack-,304

    N,T,0,1,4096,4096,4096,1,4096,16777216,0,4096,16777216,4096,16777216,4096,16777216,bf16_r,bf16_r,bf16_r,bf16_r,f32_r,0,0,0,0,0,none,0,f32_r,bf16_r,681528,464.885,201.663,79084,gfx942:sramecc+:xnack-,304

    T,T,0,1,4096,8192,14336,1,14336,58720256,0,8192,117440512,4096,33554432,4096,33554432,bf16_r,bf16_r,bf16_r,bf16_r,f32_r,0,0,0,0,0,none,0,f32_r,bf16_r,463916,188.361,2073.81,107803,gfx942:sramecc+:xnack-,304

    T,N,0,1,4096,4096,4096,1,4096,16777216,0,4096,16777216,4096,16777216,4096,16777216,bf16_r,bf16_r,bf16_r,bf16_r,f32_r,0,0,0,0,0,none,0,f32_r,bf16_r,686388,468.2,200.235,116749,gfx942:sramecc+:xnack-,304

    N,N,0,64,4096,512,128,1,4096,524288,0,128,65536,4096,2097152,4096,2097152,bf16_r,bf16_r,bf16_r,bf16_r,f32_r,0,0,0,0,0,none,0,f32_r,bf16_r,312314,2911.49,110.017,94949,gfx942:sramecc+:xnack-,304

    T,T,0,1,4096,8192,14336,1,14336,58720256,1,8192,117440512,4096,33554432,4096,33554432,bf16_r,bf16_r,bf16_r,bf16_r,f32_r,0,0,0,0,0,none,0,f32_r,bf16_r,467477,250.545,2058.01,107803,gfx942:sramecc+:xnack-,304

    T,N,0,1,4096,4096,6144,1,6144,25165824,0,6144,25165824,4096,16777216,4096,16777216,bf16_r,bf16_r,bf16_r,bf16_r,f32_r,0,0,0,0,0,none,0,f32_r,bf16_r,677802,410.971,304.157,116187,gfx942:sramecc+:xnack-,304

    N,N,0,1,8,4096,4096,1,8,32768,0,4096,16777216,8,32768,8,32768,bf16_r,bf16_r,bf16_r,bf16_r,f32_r,0,0,0,0,0,none,0,f32_r,bf16_r,21657.8,2531.15,12.3944,101005,gfx942:sramecc+:xnack-,304

    N,N,0,1,6144,4096,4096,1,6144,25165824,0,4096,16777216,6144,25165824,6144,25165824,bf16_r,bf16_r,bf16_r,bf16_r,f32_r,0,0,0,0,0,none,0,f32_r,bf16_r,723159,438.473,285.08,125899,gfx942:sramecc+:xnack-,304

    N,T,0,1,8,4096,4096,1,8,32768,0,4096,16777216,8,32768,8,32768,bf16_r,bf16_r,bf16_r,bf16_r,f32_r,0,0,0,0,0,none,0,f32_r,bf16_r,19525,2281.89,13.7483,81803,gfx942:sramecc+:xnack-,304

    N,T,0,1,6144,4096,4096,1,6144,25165824,0,4096,16777216,6144,25165824,6144,25165824,bf16_r,bf16_r,bf16_r,bf16_r,f32_r,0,0,0,0,0,none,0,f32_r,bf16_r,651964,395.305,316.212,79044,gfx942:sramecc+:xnack-,304

    T,N,0,1,4096,14336,8192,1,8192,33554432,0,8192,117440512,4096,58720256,4096,58720256,bf16_r,bf16_r,bf16_r,bf16_r,f32_r,0,0,0,0,0,none,0,f32_r,bf16_r,792965,321.963,1213.26,116757,gfx942:sramecc+:xnack-,304

    N,T,0,1,4096,32768,4096,1,4096,16777216,0,32768,134217728,4096,134217728,4096,134217728,bf16_r,bf16_r,bf16_r,bf16_r,f32_r,0,0,0,0,0,none,0,f32_r,bf16_r,770642,372.35,1426.75,79084,gfx942:sramecc+:xnack-,304

    T,N,0,1,32768,4096,4096,1,4096,134217728,0,4096,16777216,32768,134217728,32768,134217728,bf16_r,bf16_r,bf16_r,bf16_r,f32_r,0,0,0,0,0,none,0,f32_r,bf16_r,755849,365.203,1454.67,122774,gfx942:sramecc+:xnack-,304

    N,T,0,1,4096,8192,14336,1,4096,58720256,0,8192,117440512,4096,33554432,4096,33554432,bf16_r,bf16_r,bf16_r,bf16_r,f32_r,0,0,0,0,0,none,0,f32_r,bf16_r,742010,301.274,1296.58,78668,gfx942:sramecc+:xnack-,304

    N,N,0,1,4096,4096,32768,1,4096,134217728,0,32768,134217728,4096,16777216,4096,16777216,bf16_r,bf16_r,bf16_r,bf16_r,f32_r,0,0,0,0,0,none,0,f32_r,bf16_r,787745,380.614,1395.77,100824,gfx942:sramecc+:xnack-,304

    N,T,0,1,8192,14336,4096,1,8192,33554432,0,14336,58720256,8192,117440512,8192,117440512,bf16_r,bf16_r,bf16_r,bf16_r,f32_r,0,0,0,0,0,none,0,f32_r,bf16_r,780554,316.924,1232.55,78668,gfx942:sramecc+:xnack-,304

    T,N,0,1,8192,14336,4096,1,4096,33554432,0,4096,58720256,8192,117440512,8192,117440512,bf16_r,bf16_r,bf16_r,bf16_r,f32_r,0,0,0,0,0,none,0,f32_r,bf16_r,773111,313.902,1244.42,116757,gfx942:sramecc+:xnack-,304
